//フィールド5
//エンドレスモード
//中心付近で戦うべきか周辺で戦うべきかそれとも
//コロシアムをイメージ
max 15 15
1 1 1 1 1 0 0 7 0 0 1 1 1 1 1
1 0 0 0 0 0 0 1 0 0 0 0 0 0 1
1 0 0 0 0 0 1 0 1 0 0 0 0 0 1
1 0 0 0 0 0 0 0 0 0 0 0 0 0 1
1 0 0 0 0 1 0 0 0 1 0 0 0 0 1
0 0 0 0 1 1 0 0 0 1 1 0 0 0 0
0 0 1 0 0 0 0 0 0 0 0 0 1 0 0
0 1 0 4 0 0 0 0 0 0 0 0 0 1 6
0 0 1 0 0 0 0 0 0 0 0 0 1 0 0
0 0 0 0 1 1 0 0 0 1 1 0 0 0 0
1 0 0 0 0 1 0 0 0 1 0 0 0 0 1
1 0 0 0 0 0 0 0 0 0 0 0 0 0 1
1 0 0 0 0 0 1 0 1 0 0 0 0 0 1
1 0 0 0 0 0 0 1 0 0 0 0 0 0 1
1 1 1 1 1 0 0 5 0 0 1 1 1 1 1