//フィールド4
//最終でボス敵がいるぞ
//正面突破は袋叩きだ
//王座の間をイメージ
max 15 15
1 0 0 1 8 0 0 0 0 1 0 0 1 0 1
0 0 0 1 1 1 0 0 0 0 0 0 1 0 0
0 0 0 0 0 0 0 0 0 0 0 0 0 0 8
0 0 0 0 0 0 0 0 0 0 0 0 0 1 1
1 0 0 0 0 0 1 0 0 0 0 0 0 0 0
1 0 0 1 0 0 1 0 0 1 0 0 0 0 0
0 0 0 0 0 0 0 0 0 0 0 0 1 1 0
0 4 0 0 0 0 0 0 0 0 0 0 9 1 0
0 0 0 0 0 0 0 0 0 0 0 0 1 1 0
1 0 0 1 0 0 1 0 0 1 0 0 0 0 0
1 0 0 0 0 0 1 0 0 0 0 0 0 0 0
0 0 0 0 0 0 0 0 0 0 0 0 0 1 1
0 0 0 0 0 0 0 0 0 0 0 0 1 0 8
0 0 0 1 1 1 0 0 0 0 0 0 1 0 0
1 0 0 0 8 1 0 0 0 1 0 0 0 0 1